68
93
80
86
84
71
65
60
82
85
91
100
84
68
63
80
62
65
91
99
105
106
109
110
103
100
99
93
89
87
72
68
85
93
64
72
81
89
75
64
77
73
93
96
77
85
61
61
85
81
94
92
76
88
81
63
97
65
97
74
89
69
93
92
73
65
70
82
95
60
80
82
70
80
99
96
66
90
79
72
97
77
77
87
60
78
94
64
89
66
84
85
83
81
98
86
63
69
84
73
65
81
79
94
91
99
94
63
87
95
93
82
72
87
98
94
72
93
96
63
92
71
64
73
64
72
74
64
98
67
79
67
75
61
76
68
84
84
85
87
80
62
74
82
66
96
74
83
63
98
99
95
80
63
91
92
83
64
88
83
79
77
91
99
75
64
97
81
76
90
70
65
73
76
78
64
76
85
95
88
95
99
88
75
97
72
86
64
88
66
85
91
67
77
82
95
94
74
66
73
91
98
71
81
66
96
83
86
95
71
60
84
71
72
69
98
74
89
65
84
63
62
68
79
93
64
68
93
74
68
93
69
97
91
77
84
97
78
76
95
62
95
78
82
61
95
77
68
93
95
60
81
64
79
74
84
74
65
75
81
